SCD 1                   
1 22490U 93009B   24278.88381192  .00002032  00000+0  50987-3 0  9999
2 22490  24.9694  76.0896 0042610  55.3418 100.2638 14.45481487671244
TECHSAT 1B (GO-32)      
1 25397U 98043D   24278.91267594  .00000855  00000+0  39121-3 0  9992
2 25397  98.9366 247.3491 0001297 152.4270 207.6977 14.24142704363031
SCD 2                   
1 25504U 98060A   24279.17315750  .00001818  00000+0  46093-3 0  9994
2 25504  24.9956 294.4720 0017083  54.0500 357.0883 14.44957435370891
DLR-TUBSAT              
1 25757U 99029B   24278.87339101  .00001159  00000+0  29797-3 0  9992
2 25757  98.6009 245.3008 0015550  78.3057 281.9882 14.52030759343215
TERRA                   
1 25994U 99068A   24279.15236323  .00003581  00000+0  75439-3 0  9997
2 25994  98.0360 339.3632 0002956  46.7452 340.2557 14.60055394319215
MAROC-TUBSAT            
1 27004U 01056D   24278.88330091  .00000046  00000+0  10453-3 0  9995
2 27004  99.7494  74.6705 0019131 293.4122 225.0317 13.70218348141232
AQUA                    
1 27424U 02022A   24279.20092859  .00006893  00000+0  14445-2 0  9999
2 27424  98.3416 229.0811 0002171  94.7046  18.3437 14.60021431192769
IRS-P6 (RESOURCESAT-1)  
1 28051U 03046A   24279.15936007  .00001802  00000+0  62329-3 0  9999
2 28051  98.2813 332.1860 0065448  41.2344  51.0153 14.35670448 91576
SHIYAN 1 (SY-1)         
1 28220U 04012A   24279.10186850  .00033125  00000+0  17734-2 0  9991
2 28220  97.9558 311.6928 0009193  28.4574 331.7157 15.14920990116792
AURA                    
1 28376U 04026A   24279.10899031  .00007211  00000+0  15364-2 0  9994
2 28376  98.2603 223.2631 0002582  84.4221 275.7273 14.59241543 75747
IRS-P5 (CARTOSAT-1)     
1 28649U 05017A   24279.13832350  .00008426  00000+0  92625-3 0  9997
2 28649  97.6024 318.0556 0001224  49.2148 310.9175 14.87857189 51576
SINAH 1                 
1 28893U 05043D   24279.18032767  .00003314  00000+0  65354-3 0  9996
2 28893  98.2085  42.3003 0015688  61.2306 299.0470 14.63078621 10068
EROS B                  
1 29079U 06014A   24279.17117654  .00059142  00000+0  29362-2 0  9998
2 29079  97.3404  29.8905 0007856 205.6344 154.4501 15.17432753 24216
RESURS-DK 1             
1 29228U 06021A   24279.01504725  .00009371  00000+0  60720-3 0  9997
2 29228  69.9338 139.8585 0006657 226.9338 133.1269 15.08378427  8906
ARIRANG-2 (KOMPSAT-2)   
1 29268U 06031A   24279.19179416  .00002144  00000+0  41893-3 0  9997
2 29268  97.8529 122.3974 0013416 237.3951 238.8799 14.63809598970838
LAPAN-TUBSAT            
1 29709U 07001A   24279.16882161  .00004267  00000+0  51284-3 0  9993
2 29709  98.0826 255.7069 0013669  48.6185 311.6201 14.84441273959121
HAIYANG-1B              
1 31113U 07010A   24278.89958392  .00000873  00000+0  34920-3 0  9991
2 31113  98.3015 275.9551 0012478 238.2896 121.7072 14.30707683911922
COSMO-SKYMED 1          
1 31598U 07023A   24279.17807323  .00003589  00000+0  45713-3 0  9990
2 31598  97.8891 100.7343 0001398  83.1210 277.0162 14.82157414937498
TERRASAR-X              
1 31698U 07026A   24278.44918623  .00008313  00000+0  39853-3 0  9997
2 31698  97.4463 284.0568 0002044  92.7135 267.4334 15.19156891958986
WORLDVIEW-1 (WV-1)      
1 32060U 07041A   24278.89896626  .00033900  00000+0  13500-2 0  9995
2 32060  97.3875  36.5968 0009051 229.0485 130.9971 15.25124739948431
YAOGAN-3                
1 32289U 07055A   24279.19346628  .00010050  00000+0  11455-2 0  9997
2 32289  97.8804 303.4915 0001238  85.9430 274.1926 14.86338127913669
COSMO-SKYMED 2          
1 32376U 07059A   24279.14429905  .00003660  00000+0  46642-3 0  9999
2 32376  97.8888 100.6956 0001518  92.4392 267.6995 14.82128085910230
RADARSAT-2              
1 32382U 07061A   24279.23596712  .00005306  00000+0  20730-2 0  9998
2 32382  98.5805 284.0331 0001128  87.5278 272.6033 14.29982896877468
CARTOSAT-2A             
1 32783U 08021A   24279.13484165  .00004887  00000+0  67267-3 0  9997
2 32783  97.8533 335.0425 0011499 328.7463  31.3063 14.78672013887254
HUANJING 1A (HJ-1A)     
1 33320U 08041A   24279.20695104  .00009249  00000+0  11995-2 0  9995
2 33320  97.6346 280.8618 0020474  17.2187 342.9716 14.80840710866638
HUANJING 1B (HJ-1B)     
1 33321U 08041B   24279.19629441  .00006068  00000+0  78126-3 0  9991
2 33321  97.6280 285.3473 0039446  57.8593 302.6438 14.80880223866654
GEOEYE 1                
1 33331U 08042A   24279.16371097  .00003988  00000+0  76500-3 0  9993
2 33331  98.1254 350.1272 0005161 193.2004 166.9065 14.64270624859412
THEOS                   
1 33396U 08049A   24279.14995805  .00000612  00000+0  30783-3 0  9992
2 33396  98.6462 342.6089 0000951  92.9763 267.1523 14.20054283829985
COSMO-SKYMED 3          
1 33412U 08054A   24279.14506780  .00016226  00000+0  13246-2 0  9999
2 33412  97.8660 116.8691 0016250 205.9281 154.1129 14.99395765863754
YAOGAN-4                
1 33446U 08061A   24279.14897723  .00007252  00000+0  95077-3 0  9996
2 33446  97.8827 208.9994 0013211 291.7044  68.2761 14.80562924853826
GOSAT (IBUKI)           
1 33492U 09002A   24279.16254247  .00003790  00000+0  67603-3 0  9990
2 33492  98.0476  28.6663 0001022 106.9828 253.1488 14.67565438840986
YAOGAN-6                
1 34839U 09021A   24278.89655853  .00065484  00000+0  94137-3 0  9994
2 34839  97.1839 246.1377 0017343 126.0403 234.2462 15.55693868860463
DEIMOS-1                
1 35681U 09041A   24279.20500719  .00003917  00000+0  60675-3 0  9991
2 35681  97.6845  95.2923 0002435  60.6047 299.5405 14.73723323815510
DUBAISAT-1              
1 35682U 09041B   24278.86112519  .00008173  00000+0  12973-2 0  9996
2 35682  97.9229  52.1401 0010042 261.3152  98.6918 14.72349128813716
OCEANSAT-2              
1 35931U 09051A   24279.17427944  .00000583  00000+0  42546-3 0  9997
2 35931  98.2528 317.2576 0016457 180.1640 179.9523 13.99504938792602
WORLDVIEW-2 (WV-2)      
1 35946U 09055A   24278.87573013  .00001294  00000+0  45190-3 0  9990
2 35946  98.4881 349.9947 0002959 266.1304  93.9544 14.36935717786538
SMOS                    
1 36036U 09059A   24278.51874135  .00001986  00000+0  64766-3 0  9993
2 36036  98.4432 103.8817 0001281  82.8587 277.2747 14.39756709784284
YAOGAN-7                
1 36110U 09069A   24279.13859095  .00003533  00000+0  51107-3 0  9999
2 36110  98.0858 155.2401 0024008 233.7562 126.1429 14.76608676798113
TANDEM-X                
1 36605U 10030A   24278.44918523  .00008332  00000+0  39943-3 0  9999
2 36605  97.4462 284.0553 0001706  94.2595 265.8835 15.19157235792407
CARTOSAT-2B             
1 36795U 10035A   24279.17142725  .00005056  00000+0  69428-3 0  9999
2 36795  97.8473 334.6358 0012526  46.6061 313.6192 14.78745161768304
YAOGAN-10               
1 36834U 10038A   24279.17462257  .00003973  00000+0  49189-3 0  9999
2 36834  97.9452 295.7042 0001494  85.2323   4.6373 14.83292293765309
COSMO-SKYMED 4          
1 37216U 10060A   24279.15698104  .00003471  00000+0  44262-3 0  9999
2 37216  97.8890 100.7148 0001631  90.6320 269.5080 14.82128894752780
RESOURCESAT-2           
1 37387U 11015A   24279.16368278  .00001165  00000+0  54928-3 0  9994
2 37387  98.5657 341.8030 0004850 147.1069 213.0412 14.21711342698613
HAIYANG-2A              
1 37781U 11043A   24279.20511112  .00000122  00000+0  16357-3 0  9991
2 37781  99.3310 280.9172 0001418 114.7892 245.3407 13.78803903661491
RASAT                   
1 37791U 11044D   24279.22877722  .00004174  00000+0  75492-3 0  9993
2 37791  98.0767   9.0110 0020987 359.6646  22.3753 14.66761074702274
SRMSAT                  
1 37841U 11058D   24278.92916319  .00001325  00000+0  57892-3 0  9995
2 37841  19.9709 212.9818 0011738 220.5507 194.0074 14.11229595670087
YAOGAN-13               
1 37941U 11072A   24279.21614109  .00134642  00000+0  19036-2 0  9993
2 37941  97.7264 270.5334 0004099  91.2869 268.8854 15.56057254713509
PLEIADES 1A             
1 38012U 11076F   24279.17769360  .00003155  00000+0  68785-3 0  9992
2 38012  98.1948 352.2043 0000925  96.4341 348.0204 14.58573451681624
ZIYUAN 1-02C (ZY 1-02C) 
1 38038U 11079A   24279.16645807  .00003247  00000+0  11062-2 0  9998
2 38038  98.4867 346.1126 0006516  10.4649  73.9225 14.37149937670167
ZIYUAN 3-1 (ZY 3-1)     
1 38046U 12001A   24279.20264852  .00057511  00000+0  15577-2 0  9993
2 38046  97.2322 339.0661 0006009 110.0550 250.1342 15.37450348707802
ARIRANG-3 (KOMPSAT-3)   
1 38338U 12025B   24279.18629141  .00004364  00000+0  85586-3 0  9992
2 38338  98.2725 225.6509 0008585 254.3191 105.7064 14.63230136660824
KANOPUS-V 1             
1 38707U 12039A   24278.88908914  .00243367  00000+0  18946-2 0  9994
2 38707  97.4970 222.9511 0007791  99.0008 261.2136 15.70967307678282
EXACTVIEW-1 (ADS-1B)    
1 38709U 12039C   24278.88845984  .00001181  00000+0  52837-3 0  9997
2 38709  98.9512  12.8128 0011414 155.1793 204.9936 14.24580784634376
SPOT 6                  
1 38755U 12047A   24279.17753703  .00002995  00000+0  65383-3 0  9991
2 38755  98.2111 344.6028 0001075  84.8512 275.2810 14.58561183642706
PLEIADES 1B             
1 39019U 12068A   24279.19568827  .00003135  00000+0  68378-3 0  9995
2 39019  98.1869 352.1433 0001157  94.8475 265.2857 14.58564684630473
GOKTURK 2               
1 39030U 12073A   24279.19738797  .00003422  00000+0  52448-3 0  9999
2 39030  97.7365 135.2255 0001491 109.6958 250.4413 14.74271515633143
LANDSAT 8               
1 39084U 13008A   24279.14537618  .00002878  00000+0  64857-3 0  9992
2 39084  98.2184 347.3720 0001313  95.6104 264.5244 14.57110446619429
SARAL                   
1 39086U 13009A   24279.16301789  .00000976  00000+0  37624-3 0  9994
2 39086  98.5524 102.7811 0001529 355.8197   4.2974 14.32529032606825
GAOFEN-1                
1 39150U 13018A   24279.18707494  .00004939  00000+0  71290-3 0  9991
2 39150  97.9794 350.3281 0021064 105.4798 254.8740 14.76539072616797
VNREDSAT 1              
1 39160U 13021B   24279.17613173  .00004681  00000+0  90096-3 0  9994
2 39160  97.9854 342.7122 0001129  92.2663 267.8669 14.64034954609543
ARIRANG-5 (KOMPSAT-5)   
1 39227U 13042A   24279.17499913  .00008473  00000+0  60947-3 0  9990
2 39227  97.6206 103.5465 0003657  95.1282 265.0361 15.04476142610696
SKYSAT-A                
1 39418U 13066C   24279.13613873  .00012231  00000+0  82397-3 0  9997
2 39418  97.4737 336.1404 0022936 290.0664  69.8095 15.06608417594894
DUBAISAT-2              
1 39419U 13066D   24279.21509195  .00017009  00000+0  12898-2 0  9994
2 39419  97.4283 279.2658 0012942   0.0997   0.0228 15.02234331593039
GPM-CORE                
1 39574U 14009C   24278.86506763  .00046262  00000+0  99791-3 0  9993
2 39574  64.9830 225.8175 0007175 262.9925  97.0399 15.44274800601992
SENTINEL-1A             
1 39634U 14016A   24279.07058199  .00001507  00000+0  32939-3 0  9991
2 39634  98.1829 284.5894 0001367  88.7611 271.3745 14.59204406559612
KAZEOSAT 1              
1 39731U 14024A   24279.19304399  .00001763  00000+0  54996-3 0  9998
2 39731  98.3867 353.7941 0001044  91.2996 268.8314 14.42042131549252
ALOS-2                  
1 39766U 14029A   24279.21646787  .00012878  00000+0  17284-2 0  9991
2 39766  97.9230  14.2814 0001530 102.9062 257.2321 14.79462643559942
KAZEOSAT 2              
1 40010U 14033A   24279.12338286  .00003619  00000+0  45178-3 0  9999
2 40010  97.6023 138.9381 0011048 201.8174 158.2571 14.82920977556963
HODOYOSHI-4             
1 40011U 14033B   24279.16461421  .00007223  00000+0  84732-3 0  9996
2 40011  97.5692 123.4247 0024368 194.2465 165.8066 14.85031386556684
DEIMOS-2                
1 40013U 14033D   24279.17772016  .00009694  00000+0  10143-2 0  9992
2 40013  97.6626 162.5057 0001290  98.8836 261.2528 14.89826127558132
HODOYOSHI-3             
1 40015U 14033F   24279.10937419  .00008931  00000+0  11174-2 0  9995
2 40015  97.5984  99.2710 0033688 233.6582 126.1521 14.82099632555679
SPOT 7                  
1 40053U 14034A   24279.15981853  .00003707  00000+0  78645-3 0  9997
2 40053  98.1468 344.0594 0001321  81.6198 278.5152 14.59735391546652
SKYSAT-B                
1 40072U 14037D   24279.18872988  .00008019  00000+0  94956-3 0  9996
2 40072  98.3267 195.8170 0007341 118.8337 241.3614 14.84839544553922
WORLDVIEW-3 (WV-3)      
1 40115U 14048A   24278.91073598  .00006423  00000+0  77259-3 0  9990
2 40115  97.8679 350.7481 0005664 206.6975 153.3949 14.84250481549855
GAOFEN-2                
1 40118U 14049A   24279.17020835  .00006711  00000+0  88161-3 0  9993
2 40118  98.0990 330.1192 0008129  73.7067 286.5038 14.80555478547500
YAOGAN-21               
1 40143U 14053A   24279.17587406  .00032460  00000+0  13397-2 0  9996
2 40143  97.2393 333.5112 0007944 151.6218 208.5454 15.23939010560566
YAOGAN-22               
1 40275U 14063A   24278.98117560  .00000002  00000+0  12861-3 0  9994
2 40275 100.6807  51.6319 0006700 144.1904 215.9658 13.15491680478264
ASNARO                  
1 40298U 14070A   24279.18514957  .00044178  00000+0  20799-2 0  9991
2 40298  97.4034 358.6737 0009367 174.5227 185.6112 15.19354791549876
HODOYOSHI-1             
1 40299U 14070B   24279.14417095  .00096224  00000+0  12470-2 0  9999
2 40299  97.1243 338.5383 0005172   6.8610 353.2716 15.58536956552182
YAOGAN-23               
1 40305U 14071A   24279.21655192  .00188882  00000+0  16372-2 0  9995
2 40305  97.6905 272.9346 0004765  96.4977 263.6826 15.68536202549523
YAOGAN-24               
1 40310U 14072A   24279.20540155  .00005717  00000+0  83247-3 0  9994
2 40310  98.0700  43.5057 0014202  93.9384 266.3449 14.76189047532273
CBERS 4                 
1 40336U 14079A   24279.17928105 -.00000009  00000+0  11762-4 0  9994
2 40336  98.3893 344.5826 0001320  60.1756 299.9562 14.35486204515023
RESURS-P 2              
1 40360U 14087A   24279.17582543  .00104848  00000+0  84328-3 0  9994
2 40360  97.1444   7.1374 0004647 229.6113 130.4745 15.70617785548256
YAOGAN-26               
1 40362U 14088A   24279.20615981  .00020323  00000+0  85417-3 0  9999
2 40362  97.0787 294.1049 0009186 116.5321 243.6859 15.23407726544059
SMAP                    
1 40376U 15003A   24279.18200705  .00003680  00000+0  72191-3 0  9995
2 40376  98.1305 284.0294 0001234  91.6350 268.4994 14.63317555516948
KOMPSAT-3A              
1 40536U 15014A   24279.15450828  .00034785  00000+0  13506-2 0  9999
2 40536  97.6240 231.0613 0000374 348.8907  11.2323 15.26003517526451
SENTINEL-2A             
1 40697U 15028A   24279.17255390  .00001112  00000+0  44064-3 0  9993
2 40697  98.5691 351.8518 0001010  99.3360 260.7937 14.30828931485076
GAOFEN-8                
1 40701U 15030A   24279.16036066  .00042889  00000+0  17485-2 0  9990
2 40701  97.6685  76.2190 0011085 253.7452 106.2566 15.24264441516396
CARBONITE 1 (CBNT-1)    
1 40718U 15032D   24279.14326542  .00009443  00000+0  12651-2 0  9998
2 40718  97.6509 113.9974 0015619 160.8301 199.3502 14.79529023497510
YAOGAN-27               
1 40878U 15040A   24279.14646112  .00000031  00000+0  19241-3 0  9999
2 40878 100.0831 282.8022 0008025 201.1566 158.9216 13.16028271437616
GAOFEN-9 01             
1 40894U 15047A   24279.15854070  .00006631  00000+0  86710-3 0  9996
2 40894  97.7168 329.6777 0028883  12.9460 347.2488 14.80461703488366
LAPAN-A2                
1 40931U 15052B   24270.29994034  .00002074  00000+0  19195-3 0  9995
2 40931   5.9998 350.0993 0012711  76.7416 283.4129 14.78150863486449
YAOGAN-28               
1 41026U 15064A   24279.19266320  .00032771  00000+0  13679-2 0  9999
2 41026  97.2262  65.3556 0009446 182.4696 177.6496 15.23543979496234
YAOGAN-29               
1 41038U 15069A   24279.17494318  .00002947  00000+0  37815-3 0  9996
2 41038  98.0532 294.2373 0000830 167.3359 192.7875 14.82006191478752
KENT RIDGE 1            
1 41167U 15077B   24279.04842216  .00013557  00000+0  63644-3 0  9996
2 41167  14.9797 178.1215 0009480 166.8385 193.2184 15.16581872486719
TELEOS-1                
1 41169U 15077D   24278.14902165  .00062174  00000+0  15365-2 0  9993
2 41169  14.9785  68.7813 0005836  14.4565 345.5925 15.38604294487618
GAOFEN-4                
1 41194U 15083A   24278.89632837 -.00000326  00000+0  00000+0 0  9995
2 41194   0.0512 301.4350 0001626 314.7030 186.3071  1.00269050 32305
JASON-3                 
1 41240U 16002A   24279.19790155 -.00000034  00000+0  11718-3 0  9999
2 41240  66.0444 342.8540 0008101 265.3396  94.6694 12.80928053407734
SENTINEL-3A             
1 41335U 16011A   24279.19819170  .00001065  00000+0  45796-3 0  9990
2 41335  98.6289 344.4127 0001067 108.5568 251.5728 14.26746594449658
ZIYUAN 3-2 (ZY 3-2)     
1 41556U 16033A   24279.19885439  .00029209  00000+0  13009-2 0  9991
2 41556  97.4467 353.4408 0004622 235.9057 124.1741 15.21394056463720
CARTOSAT-2C             
1 41599U 16040A   24279.14917999  .00020284  00000+0  96248-3 0  9999
2 41599  97.4608 336.9845 0012972 135.5522 224.6755 15.19222172459579
SKYSAT-C1               
1 41601U 16040C   24278.71384679  .00031183  00000+0  10784-2 0  9998
2 41601  97.0482 333.6549 0002229 115.5499 244.5973 15.29836413462891
LAPAN-A3                
1 41603U 16040E   24279.15270533  .00011011  00000+0  42138-3 0  9999
2 41603  97.1420 287.9844 0013768  74.5249 285.7510 15.26637945459999
BIROS                   
1 41604U 16040F   24279.10910805  .00043795  00000+0  98264-3 0  9993
2 41604  97.1155 304.7056 0008119  24.2186 335.9443 15.43231801461103
GAOFEN-3                
1 41727U 16049A   24279.19015037  .00000729  00000+0  23437-3 0  9990
2 41727  98.4076 285.2403 0001030  91.3824 268.7484 14.42217830429277
SKYSAT-C4               
1 41771U 16058B   24278.77117175  .00035627  00000+0  10586-2 0  9993
2 41771  96.9954 320.8070 0002653 108.5693 251.5840 15.34677575450028
SKYSAT-C5               
1 41772U 16058C   24279.13145203  .00041743  00000+0  11158-2 0  9990
2 41772  97.1437 331.1978 0002085  56.1579 303.9865 15.37953640448568
SKYSAT-C2               
1 41773U 16058D   24279.17183804  .00033885  00000+0  10662-2 0  9991
2 41773  96.9986 319.3986 0003351 135.7831 224.3680 15.32865754449941
SKYSAT-C3               
1 41774U 16058E   24279.18225534  .00046187  00000+0  11196-2 0  9992
2 41774  96.9963 328.6823 0002539 214.7307 145.3775 15.40923583450586
ALSAT 1B                
1 41785U 16059C   24279.17811976  .00002877  00000+0  47321-3 0  9993
2 41785  97.8114 303.1590 0010839  62.5246 297.7062 14.71269777429373
PATHFINDER 1            
1 41787U 16059E   24279.05781486  .00004885  00000+0  89463-3 0  9998
2 41787  97.8264 296.0541 0029845  24.6290 335.6332 14.65956730428794
SCATSAT 1               
1 41790U 16059H   24279.15328540  .00007873  00000+0  11047-2 0  9993
2 41790  98.2082 323.4776 0059095  81.1785 279.6110 14.76514737425295
GOKTURK 1A              
1 41875U 16073A   24279.16476964  .00003441  00000+0  68299-3 0  9997
2 41875  98.1339 172.0189 0001462  83.8512 276.2856 14.62821551418181
RESOURCESAT-2A          
1 41877U 16074A   24279.15225022  .00001144  00000+0  54073-3 0  9999
2 41877  98.6360 350.3397 0001941  70.9201 289.2186 14.21667857406211
CARTOSAT-2D             
1 41948U 17008A   24278.85174777  .00021619  00000+0  10244-2 0  9992
2 41948  97.4126 336.2077 0006023 246.0351 114.0253 15.19315237423391
SENTINEL-2B             
1 42063U 17013A   24279.20751910  .00001089  00000+0  43208-3 0  9993
2 42063  98.5698 351.8809 0000926  91.7876 268.3413 14.30823903395996
ZHUHAI-1 02 (CAS-4B)    
1 42759U 17034B   24279.17557311  .00063323  00000+0  18250-2 0  9990
2 42759  43.0165 322.3507 0012169   8.8067 351.2999 15.34813186404262
NUSAT-3 (MILANESAT)     
1 42760U 17034C   24279.20279523  .00063604  00000+0  16046-2 0  9995
2 42760  43.0068 304.0365 0015081  36.4669 323.7211 15.38889315404493
ZHUHAI-1 01 (CAS-4A)    
1 42761U 17034D   24279.16642132  .00053893  00000+0  15483-2 0  9994
2 42761  43.0201 320.6509 0012021  20.2912 339.8418 15.34978398404279
CARTOSAT-2E             
1 42767U 17036C   24279.13211871  .00022343  00000+0  10585-2 0  9995
2 42767  97.4246 336.7602 0004930 312.8718  47.2102 15.19319532404006
FORMOSAT-5              
1 42920U 17049A   24278.85000169  .00001921  00000+0  49901-3 0  9998
2 42920  98.2836 354.9329 0011908 183.3539 176.7578 14.50759393376723
SENTINEL-5P             
1 42969U 17064A   24278.86003514  .00000761  00000+0  38184-3 0  9998
2 42969  98.7280 216.4340 0001156  93.4926 266.6382 14.19547350361554
SKYSAT-C11              
1 42987U 17068A   24278.86498457  .00049313  00000+0  12771-2 0  9995
2 42987  97.3701  46.1576 0020173 167.3633 192.8123 15.38683671387541
SKYSAT-C10              
1 42988U 17068B   24278.87554273  .00039617  00000+0  12978-2 0  9991
2 42988  97.3797  44.1622 0003105 206.3262 153.7822 15.31541561387372
SKYSAT-C9               
1 42989U 17068C   24278.87962403  .00038317  00000+0  12602-2 0  9990
2 42989  97.3729  42.5185 0006392 248.2221 111.8341 15.31406250387562
SKYSAT-C8               
1 42990U 17068D   24279.18954702  .00044303  00000+0  15337-2 0  9990
2 42990  97.3818  43.8960 0002259 196.4201 163.6967 15.29726318387362
SKYSAT-C7               
1 42991U 17068E   24278.88556791  .00037957  00000+0  11722-2 0  9994
2 42991  97.3819  44.1686 0000956  67.5389 292.5955 15.33444187387354
SKYSAT-C6               
1 42992U 17068F   24279.10690236  .00039817  00000+0  13323-2 0  9990
2 42992  97.3848  45.4396 0003984 144.3016 215.8493 15.30852269387428
CARTOSAT-2F             
1 43111U 18004A   24279.16488471  .00020942  00000+0  99266-3 0  9997
2 43111  97.4183 336.8138 0001127 271.6790  88.4316 15.19323784373195
GAOFEN-1 02             
1 43259U 18031A   24279.15789942  .00005663  00000+0  81675-3 0  9994
2 43259  97.8089 343.1361 0003942 167.4882 192.6427 14.76643475351200
GAOFEN-1 03             
1 43260U 18031B   24279.20394207  .00005975  00000+0  86148-3 0  9994
2 43260  97.8083 343.0932 0003864 245.2807 114.8002 14.76637409351209
GAOFEN-1 04             
1 43262U 18031D   24279.17948620  .00005845  00000+0  84308-3 0  9998
2 43262  97.8093 343.1879 0002193 181.9384 178.1818 14.76633436351195
SENTINEL-3B             
1 43437U 18039A   24278.82057691  .00000996  00000+0  42973-3 0  9994
2 43437  98.6338 344.1499 0000472  87.5982 272.5252 14.26732853335665
GAOFEN-5 01             
1 43461U 18043A   24278.91437355  .00003748  00000+0  79956-3 0  9994
2 43461  98.3679 230.1483 0001739 153.5909 206.5379 14.59493992341178
GAOFEN-6                
1 43484U 18048A   24279.15415075  .00005309  00000+0  76737-3 0  9995
2 43484  97.8540 350.6206 0012071  27.3561 332.8282 14.76538566341899
GAOFEN-11 01            
1 43585U 18063A   24279.19868166  .00030936  00000+0  92586-3 0  9995
2 43585  97.2186 342.4743 0009083  81.1052 279.1219 15.34444102344600
ICESAT-2                
1 43613U 18070A   24279.13546008  .00011766  00000+0  42682-3 0  9999
2 43613  91.9995 124.2004 0007783  17.5313 342.6204 15.28276045337766
HYSIS                   
1 43719U 18096A   24279.15009025  .00007164  00000+0  98213-3 0  9997
2 43719  97.8538 340.5324 0000748  11.3114 348.8114 14.78729788315792
KAZSTSAT                
1 43783U 18099AB  24278.68363366  .00006911  00000+0  60195-3 0  9996
2 43783  97.5141 325.5512 0006461 348.8080  11.2997 14.97194055318360
SAUDISAT 5A             
1 43831U 18102A   24279.14616514  .00018236  00000+0  89546-3 0  9997
2 43831  97.3955 342.2104 0012817 150.7098 209.4857 15.18052297321263
SAUDISAT 5B             
1 43833U 18102C   24279.20483086  .00018914  00000+0  91264-3 0  9995
2 43833  97.4012 344.2652 0013448 154.4401 205.7501 15.18647618321363
GAOFEN-10R              
1 44622U 19066A   24279.15307469  .00008455  00000+0  10727-2 0  9999
2 44622  97.9731 220.5728 0002419 340.4610  19.6509 14.81950794270508
CARTOSAT-3              
1 44804U 19081A   24279.17281708  .00018554  00000+0  88168-3 0  9993
2 44804  97.5194 336.5652 0015313 154.5959 205.6031 15.19161098269283
GAOFEN-12 01            
1 44819U 19082A   24279.19124244  .00003159  00000+0  41699-3 0  9996
2 44819  97.8230 290.6362 0002998  64.3890 295.7632 14.80726093262355
CSG-1                   
1 44873U 19092A   24279.16962377  .00003644  00000+0  46390-3 0  9993
2 44873  97.8890 100.7285 0001484  87.1775 272.9608 14.82176140259637
NEMO-HD                 
1 46277U 20061F   24279.12377802  .00024432  00000+0  86731-3 0  9991
2 46277  97.2841 339.3864 0003041 105.4762 254.6814 15.29033697226722
SENTINEL-6              
1 46984U 20086A   24278.53795700 -.00000024  00000+0  15899-3 0  9997
2 46984  66.0444 344.1504 0007871 269.2153  90.7960 12.80928642180832
GAOFEN-12 02            
1 48079U 21026A   24279.18259179  .00003370  00000+0  44568-3 0  9997
2 48079  97.9595 269.9676 0003837 136.9777 223.1736 14.80623258190025
PLEIADES NEO 3          
1 48268U 21034A   24278.42717037  .00007537  00000+0  96300-3 0  9994
2 48268  97.8951 351.1026 0000895 105.8648 254.2663 14.81688151185736
NUSAT-19 (ROSALIND)     
1 48905U 21059AC  24279.12041831  .00573823  00000+0  20585-2 0  9996
2 48905  97.5893  79.8547 0005874 285.8151  74.2472 15.87384767183030
PLEIADES NEO 4          
1 49070U 21073E   24278.39339334  .00006278  00000+0  80348-3 0  9991
2 49070  97.8966 351.0644 0000962 100.3877 259.7444 14.81686758169446
LANDSAT 9               
1 49260U 21088A   24279.17975210  .00002980  00000+0  67104-3 0  9995
2 49260  98.2213 347.4036 0001275  91.8609 268.2736 14.57120354160703
CSG-2                   
1 51444U 22008A   24279.13587039  .00002838  00000+0  36304-3 0  9999
2 51444  97.8888 100.6873 0001556  82.9279 277.2111 14.82145632144744
INS-2TD                 
1 51658U 22013C   24279.07594572  .00363309  00000+0  27037-2 0  9990
2 51658  97.5006 307.8193 0006171 121.2626 238.9242 15.71716465147072
GAOFEN-12 03            
1 52912U 22069A   24279.15851783  .00008690  00000+0  11307-2 0  9996
2 52912  97.8941 168.5970 0009335 158.3111 201.8498 14.80851225122884
SWOT                    
1 54754U 22173A   24279.19420586  .00000386  00000+0  26337-3 0  9999
2 54754  77.6103 152.2416 0000445  55.2977 304.8217 14.00172649 92381
GAOFEN-12 04            
1 57654U 23123A   24279.19080756  .00008905  00000+0  11600-2 0  9999
2 57654  97.9054 195.1046 0002581  92.8934 267.2574 14.80823202 60908
PARS 1                  
1 59065U 24039Q   24279.18401288  .00025318  00000+0  90127-3 0  9999
2 59065  97.4072 240.2526 0013812 168.9244 191.2303 15.28849511 33364
RESURS-P 4              
1 59371U 24061A   24279.19949280  .00016298  00000+0  48639-3 0  9992
2 59371  97.1979 229.3309 0003079  93.7194 266.4402 15.34699260 28783
LEGION 1                
1 59625U 24081A   24279.19025738  .00020257  00000+0  10260-2 0  9997
2 59625  97.5660 350.1297 0008175 354.6892   5.4252 15.16991979 23557
LEGION 2                
1 59626U 24081B   24278.82608085  .00021782  00000+0  11050-2 0  9991
2 59626  97.5659 349.8455 0003874  44.6832 315.4712 15.16942305 23507
ALOS-4 (DAICHI-4)       
1 60182U 24123A   24278.83000886  .00011468  00000+0  15388-2 0  9991
2 60182  97.9221  13.9103 0001515 100.9151 259.2231 14.79502666 14156
LEGION 3                
1 60452U 24146A   24278.83505488  .00047364  00000+0  11897-2 0  9999
2 60452  44.9980 128.6818 0017692 242.3104 117.5989 15.39161020  7744
LEGION 4                
1 60453U 24146B   24278.84303546  .00002766  00000+0  63463-3 0  9996
2 60453  45.0372 159.1758 0003626  34.5051 325.6040 14.57603810  7330
SENTINEL-2C             
1 60989U 24157A   24278.79269574  .00001086  00000+0  40133-3 0  9991
2 60989  98.5677 351.5021 0002208 177.4063 182.7134 14.34446642  4269
